name: Beihang
channels:
  - conda-forge
  - defaults
dependencies:
  - asttokens=3.0.0=pyhd8ed1ab_1
  - bzip2=1.0.8=h2bbff1b_6
  - ca-certificates=2024.12.14=h56e8100_0
  - colorama=0.4.6=pyhd8ed1ab_1
  - comm=0.2.2=pyhd8ed1ab_1
  - cpython=3.10.16=py310hd8ed1ab_1
  - debugpy=1.8.11=py310h9e98ed7_0
  - decorator=5.1.1=pyhd8ed1ab_1
  - exceptiongroup=1.2.2=pyhd8ed1ab_1
  - executing=2.1.0=pyhd8ed1ab_1
  - importlib-metadata=8.5.0=pyha770c72_1
  - ipykernel=6.29.5=pyh4bbf305_0
  - ipython=8.31.0=pyh7428d3b_0
  - jedi=0.19.2=pyhd8ed1ab_1
  - jupyter_client=8.6.3=pyhd8ed1ab_1
  - jupyter_core=5.7.2=pyh5737063_1
  - krb5=1.21.3=hdf4eb48_0
  - libffi=3.4.4=hd77b12b_1
  - libsodium=1.0.20=hc70643c_0
  - matplotlib-inline=0.1.7=pyhd8ed1ab_1
  - nest-asyncio=1.6.0=pyhd8ed1ab_1
  - openssl=3.4.0=h2466b09_0
  - packaging=24.2=pyhd8ed1ab_2
  - parso=0.8.4=pyhd8ed1ab_1
  - pickleshare=0.7.5=pyhd8ed1ab_1004
  - pip=24.2=py310haa95532_0
  - platformdirs=4.3.6=pyhd8ed1ab_1
  - prompt-toolkit=3.0.48=pyha770c72_1
  - psutil=6.1.1=py310ha8f682b_0
  - pure_eval=0.2.3=pyhd8ed1ab_1
  - pygments=2.18.0=pyhd8ed1ab_1
  - python=3.10.16=h4607a30_1
  - python-dateutil=2.9.0.post0=pyhff2d567_1
  - python_abi=3.10=2_cp310
  - pywin32=307=py310h9e98ed7_3
  - pyzmq=26.2.0=py310h656833d_3
  - setuptools=75.1.0=py310haa95532_0
  - six=1.17.0=pyhd8ed1ab_0
  - sqlite=3.45.3=h2bbff1b_0
  - stack_data=0.6.3=pyhd8ed1ab_1
  - tk=8.6.14=h0416ee5_0
  - tornado=6.4.2=py310ha8f682b_0
  - traitlets=5.14.3=pyhd8ed1ab_1
  - typing_extensions=4.12.2=pyha770c72_1
  - tzdata=2024b=h04d1e81_0
  - ucrt=10.0.22621.0=h57928b3_1
  - vc=14.40=haa95532_2
  - vc14_runtime=14.42.34433=he29a5d6_23
  - vs2015_runtime=14.42.34433=hdffcdeb_23
  - wcwidth=0.2.13=pyhd8ed1ab_1
  - wheel=0.44.0=py310haa95532_0
  - xz=5.4.6=h8cc25b3_1
  - zeromq=4.3.5=ha9f60a1_7
  - zipp=3.21.0=pyhd8ed1ab_1
  - zlib=1.2.13=h8cc25b3_1
  - pip:
      - absl-py==2.1.0
      - astunparse==1.6.3
      - certifi==2024.12.14
      - charset-normalizer==3.4.1
      - contourpy==1.3.1
      - cycler==0.12.1
      - flatbuffers==24.12.23
      - fonttools==4.55.3
      - gast==0.6.0
      - google-pasta==0.2.0
      - grpcio==1.68.1
      - h5py==3.12.1
      - idna==3.10
      - joblib==1.4.2
      - kagglehub==0.3.6
      - keras==3.7.0
      - kiwisolver==1.4.8
      - libclang==18.1.1
      - markdown==3.7
      - markdown-it-py==3.0.0
      - markupsafe==3.0.2
      - matplotlib==3.10.0
      - mdurl==0.1.2
      - ml-dtypes==0.4.1
      - namex==0.0.8
      - numpy==2.0.2
      - opt-einsum==3.4.0
      - optree==0.13.1
      - pillow==11.0.0
      - protobuf==5.29.2
      - pyparsing==3.2.0
      - requests==2.32.3
      - rich==13.9.4
      - scikit-learn==1.6.0
      - scipy==1.14.1
      - tensorboard==2.18.0
      - tensorboard-data-server==0.7.2
      - tensorflow==2.18.0
      - tensorflow-intel==2.18.0
      - tensorflow-io-gcs-filesystem==0.31.0
      - termcolor==2.5.0
      - threadpoolctl==3.5.0
      - tqdm==4.67.1
      - urllib3==2.3.0
      - werkzeug==3.1.3
      - wrapt==1.17.0
prefix: C:\Users\52556\anaconda3\envs\Beihang
